2000 2000
1 1002
2 1002
3 1002
4 1002
5 1002
6 1002
7 1002
8 1002
9 1002
10 1002
2 1003
3 1003
4 1003
5 1003
6 1003
7 1003
8 1003
9 1003
10 1003
11 1003
3 1004
4 1004
5 1004
6 1004
7 1004
8 1004
9 1004
10 1004
11 1004
12 1004
4 1005
5 1005
6 1005
7 1005
8 1005
9 1005
10 1005
11 1005
12 1005
13 1005
5 1006
6 1006
7 1006
8 1006
9 1006
10 1006
11 1006
12 1006
13 1006
14 1006
6 1007
7 1007
8 1007
9 1007
10 1007
11 1007
12 1007
13 1007
14 1007
15 1007
7 1008
8 1008
9 1008
10 1008
11 1008
12 1008
13 1008
14 1008
15 1008
16 1008
8 1009
9 1009
10 1009
11 1009
12 1009
13 1009
14 1009
15 1009
16 1009
17 1009
9 1010
10 1010
11 1010
12 1010
13 1010
14 1010
15 1010
16 1010
17 1010
18 1010
10 1011
11 1011
12 1011
13 1011
14 1011
15 1011
16 1011
17 1011
18 1011
19 1011
11 1012
12 1012
13 1012
14 1012
15 1012
16 1012
17 1012
18 1012
19 1012
20 1012
12 1013
13 1013
14 1013
15 1013
16 1013
17 1013
18 1013
19 1013
20 1013
21 1013
13 1014
14 1014
15 1014
16 1014
17 1014
18 1014
19 1014
20 1014
21 1014
22 1014
14 1015
15 1015
16 1015
17 1015
18 1015
19 1015
20 1015
21 1015
22 1015
23 1015
15 1016
16 1016
17 1016
18 1016
19 1016
20 1016
21 1016
22 1016
23 1016
24 1016
16 1017
17 1017
18 1017
19 1017
20 1017
21 1017
22 1017
23 1017
24 1017
25 1017
17 1018
18 1018
19 1018
20 1018
21 1018
22 1018
23 1018
24 1018
25 1018
26 1018
18 1019
19 1019
20 1019
21 1019
22 1019
23 1019
24 1019
25 1019
26 1019
27 1019
19 1020
20 1020
21 1020
22 1020
23 1020
24 1020
25 1020
26 1020
27 1020
28 1020
20 1021
21 1021
22 1021
23 1021
24 1021
25 1021
26 1021
27 1021
28 1021
29 1021
21 1022
22 1022
23 1022
24 1022
25 1022
26 1022
27 1022
28 1022
29 1022
30 1022
22 1023
23 1023
24 1023
25 1023
26 1023
27 1023
28 1023
29 1023
30 1023
31 1023
23 1024
24 1024
25 1024
26 1024
27 1024
28 1024
29 1024
30 1024
31 1024
32 1024
24 1025
25 1025
26 1025
27 1025
28 1025
29 1025
30 1025
31 1025
32 1025
33 1025
25 1026
26 1026
27 1026
28 1026
29 1026
30 1026
31 1026
32 1026
33 1026
34 1026
26 1027
27 1027
28 1027
29 1027
30 1027
31 1027
32 1027
33 1027
34 1027
35 1027
27 1028
28 1028
29 1028
30 1028
31 1028
32 1028
33 1028
34 1028
35 1028
36 1028
28 1029
29 1029
30 1029
31 1029
32 1029
33 1029
34 1029
35 1029
36 1029
37 1029
29 1030
30 1030
31 1030
32 1030
33 1030
34 1030
35 1030
36 1030
37 1030
38 1030
30 1031
31 1031
32 1031
33 1031
34 1031
35 1031
36 1031
37 1031
38 1031
39 1031
31 1032
32 1032
33 1032
34 1032
35 1032
36 1032
37 1032
38 1032
39 1032
40 1032
32 1033
33 1033
34 1033
35 1033
36 1033
37 1033
38 1033
39 1033
40 1033
41 1033
33 1034
34 1034
35 1034
36 1034
37 1034
38 1034
39 1034
40 1034
41 1034
42 1034
34 1035
35 1035
36 1035
37 1035
38 1035
39 1035
40 1035
41 1035
42 1035
43 1035
35 1036
36 1036
37 1036
38 1036
39 1036
40 1036
41 1036
42 1036
43 1036
44 1036
36 1037
37 1037
38 1037
39 1037
40 1037
41 1037
42 1037
43 1037
44 1037
45 1037
37 1038
38 1038
39 1038
40 1038
41 1038
42 1038
43 1038
44 1038
45 1038
46 1038
38 1039
39 1039
40 1039
41 1039
42 1039
43 1039
44 1039
45 1039
46 1039
47 1039
39 1040
40 1040
41 1040
42 1040
43 1040
44 1040
45 1040
46 1040
47 1040
48 1040
40 1041
41 1041
42 1041
43 1041
44 1041
45 1041
46 1041
47 1041
48 1041
49 1041
41 1042
42 1042
43 1042
44 1042
45 1042
46 1042
47 1042
48 1042
49 1042
50 1042
42 1043
43 1043
44 1043
45 1043
46 1043
47 1043
48 1043
49 1043
50 1043
51 1043
43 1044
44 1044
45 1044
46 1044
47 1044
48 1044
49 1044
50 1044
51 1044
52 1044
44 1045
45 1045
46 1045
47 1045
48 1045
49 1045
50 1045
51 1045
52 1045
53 1045
45 1046
46 1046
47 1046
48 1046
49 1046
50 1046
51 1046
52 1046
53 1046
54 1046
46 1047
47 1047
48 1047
49 1047
50 1047
51 1047
52 1047
53 1047
54 1047
55 1047
47 1048
48 1048
49 1048
50 1048
51 1048
52 1048
53 1048
54 1048
55 1048
56 1048
48 1049
49 1049
50 1049
51 1049
52 1049
53 1049
54 1049
55 1049
56 1049
57 1049
49 1050
50 1050
51 1050
52 1050
53 1050
54 1050
55 1050
56 1050
57 1050
58 1050
50 1051
51 1051
52 1051
53 1051
54 1051
55 1051
56 1051
57 1051
58 1051
59 1051
51 1052
52 1052
53 1052
54 1052
55 1052
56 1052
57 1052
58 1052
59 1052
60 1052
52 1053
53 1053
54 1053
55 1053
56 1053
57 1053
58 1053
59 1053
60 1053
61 1053
53 1054
54 1054
55 1054
56 1054
57 1054
58 1054
59 1054
60 1054
61 1054
62 1054
54 1055
55 1055
56 1055
57 1055
58 1055
59 1055
60 1055
61 1055
62 1055
63 1055
55 1056
56 1056
57 1056
58 1056
59 1056
60 1056
61 1056
62 1056
63 1056
64 1056
56 1057
57 1057
58 1057
59 1057
60 1057
61 1057
62 1057
63 1057
64 1057
65 1057
57 1058
58 1058
59 1058
60 1058
61 1058
62 1058
63 1058
64 1058
65 1058
66 1058
58 1059
59 1059
60 1059
61 1059
62 1059
63 1059
64 1059
65 1059
66 1059
67 1059
59 1060
60 1060
61 1060
62 1060
63 1060
64 1060
65 1060
66 1060
67 1060
68 1060
60 1061
61 1061
62 1061
63 1061
64 1061
65 1061
66 1061
67 1061
68 1061
69 1061
61 1062
62 1062
63 1062
64 1062
65 1062
66 1062
67 1062
68 1062
69 1062
70 1062
62 1063
63 1063
64 1063
65 1063
66 1063
67 1063
68 1063
69 1063
70 1063
71 1063
63 1064
64 1064
65 1064
66 1064
67 1064
68 1064
69 1064
70 1064
71 1064
72 1064
64 1065
65 1065
66 1065
67 1065
68 1065
69 1065
70 1065
71 1065
72 1065
73 1065
65 1066
66 1066
67 1066
68 1066
69 1066
70 1066
71 1066
72 1066
73 1066
74 1066
66 1067
67 1067
68 1067
69 1067
70 1067
71 1067
72 1067
73 1067
74 1067
75 1067
67 1068
68 1068
69 1068
70 1068
71 1068
72 1068
73 1068
74 1068
75 1068
76 1068
68 1069
69 1069
70 1069
71 1069
72 1069
73 1069
74 1069
75 1069
76 1069
77 1069
69 1070
70 1070
71 1070
72 1070
73 1070
74 1070
75 1070
76 1070
77 1070
78 1070
70 1071
71 1071
72 1071
73 1071
74 1071
75 1071
76 1071
77 1071
78 1071
79 1071
71 1072
72 1072
73 1072
74 1072
75 1072
76 1072
77 1072
78 1072
79 1072
80 1072
72 1073
73 1073
74 1073
75 1073
76 1073
77 1073
78 1073
79 1073
80 1073
81 1073
73 1074
74 1074
75 1074
76 1074
77 1074
78 1074
79 1074
80 1074
81 1074
82 1074
74 1075
75 1075
76 1075
77 1075
78 1075
79 1075
80 1075
81 1075
82 1075
83 1075
75 1076
76 1076
77 1076
78 1076
79 1076
80 1076
81 1076
82 1076
83 1076
84 1076
76 1077
77 1077
78 1077
79 1077
80 1077
81 1077
82 1077
83 1077
84 1077
85 1077
77 1078
78 1078
79 1078
80 1078
81 1078
82 1078
83 1078
84 1078
85 1078
86 1078
78 1079
79 1079
80 1079
81 1079
82 1079
83 1079
84 1079
85 1079
86 1079
87 1079
79 1080
80 1080
81 1080
82 1080
83 1080
84 1080
85 1080
86 1080
87 1080
88 1080
80 1081
81 1081
82 1081
83 1081
84 1081
85 1081
86 1081
87 1081
88 1081
89 1081
81 1082
82 1082
83 1082
84 1082
85 1082
86 1082
87 1082
88 1082
89 1082
90 1082
82 1083
83 1083
84 1083
85 1083
86 1083
87 1083
88 1083
89 1083
90 1083
91 1083
83 1084
84 1084
85 1084
86 1084
87 1084
88 1084
89 1084
90 1084
91 1084
92 1084
84 1085
85 1085
86 1085
87 1085
88 1085
89 1085
90 1085
91 1085
92 1085
93 1085
85 1086
86 1086
87 1086
88 1086
89 1086
90 1086
91 1086
92 1086
93 1086
94 1086
86 1087
87 1087
88 1087
89 1087
90 1087
91 1087
92 1087
93 1087
94 1087
95 1087
87 1088
88 1088
89 1088
90 1088
91 1088
92 1088
93 1088
94 1088
95 1088
96 1088
88 1089
89 1089
90 1089
91 1089
92 1089
93 1089
94 1089
95 1089
96 1089
97 1089
89 1090
90 1090
91 1090
92 1090
93 1090
94 1090
95 1090
96 1090
97 1090
98 1090
90 1091
91 1091
92 1091
93 1091
94 1091
95 1091
96 1091
97 1091
98 1091
99 1091
91 1092
92 1092
93 1092
94 1092
95 1092
96 1092
97 1092
98 1092
99 1092
100 1092
92 1093
93 1093
94 1093
95 1093
96 1093
97 1093
98 1093
99 1093
100 1093
101 1093
93 1094
94 1094
95 1094
96 1094
97 1094
98 1094
99 1094
100 1094
101 1094
102 1094
94 1095
95 1095
96 1095
97 1095
98 1095
99 1095
100 1095
101 1095
102 1095
103 1095
95 1096
96 1096
97 1096
98 1096
99 1096
100 1096
101 1096
102 1096
103 1096
104 1096
96 1097
97 1097
98 1097
99 1097
100 1097
101 1097
102 1097
103 1097
104 1097
105 1097
97 1098
98 1098
99 1098
100 1098
101 1098
102 1098
103 1098
104 1098
105 1098
106 1098
98 1099
99 1099
100 1099
101 1099
102 1099
103 1099
104 1099
105 1099
106 1099
107 1099
99 1100
100 1100
101 1100
102 1100
103 1100
104 1100
105 1100
106 1100
107 1100
108 1100
100 1101
101 1101
102 1101
103 1101
104 1101
105 1101
106 1101
107 1101
108 1101
109 1101
101 1102
102 1102
103 1102
104 1102
105 1102
106 1102
107 1102
108 1102
109 1102
110 1102
102 1103
103 1103
104 1103
105 1103
106 1103
107 1103
108 1103
109 1103
110 1103
111 1103
103 1104
104 1104
105 1104
106 1104
107 1104
108 1104
109 1104
110 1104
111 1104
112 1104
104 1105
105 1105
106 1105
107 1105
108 1105
109 1105
110 1105
111 1105
112 1105
113 1105
105 1106
106 1106
107 1106
108 1106
109 1106
110 1106
111 1106
112 1106
113 1106
114 1106
106 1107
107 1107
108 1107
109 1107
110 1107
111 1107
112 1107
113 1107
114 1107
115 1107
107 1108
108 1108
109 1108
110 1108
111 1108
112 1108
113 1108
114 1108
115 1108
116 1108
108 1109
109 1109
110 1109
111 1109
112 1109
113 1109
114 1109
115 1109
116 1109
117 1109
109 1110
110 1110
111 1110
112 1110
113 1110
114 1110
115 1110
116 1110
117 1110
118 1110
110 1111
111 1111
112 1111
113 1111
114 1111
115 1111
116 1111
117 1111
118 1111
119 1111
111 1112
112 1112
113 1112
114 1112
115 1112
116 1112
117 1112
118 1112
119 1112
120 1112
112 1113
113 1113
114 1113
115 1113
116 1113
117 1113
118 1113
119 1113
120 1113
121 1113
113 1114
114 1114
115 1114
116 1114
117 1114
118 1114
119 1114
120 1114
121 1114
122 1114
114 1115
115 1115
116 1115
117 1115
118 1115
119 1115
120 1115
121 1115
122 1115
123 1115
115 1116
116 1116
117 1116
118 1116
119 1116
120 1116
121 1116
122 1116
123 1116
124 1116
116 1117
117 1117
118 1117
119 1117
120 1117
121 1117
122 1117
123 1117
124 1117
125 1117
117 1118
118 1118
119 1118
120 1118
121 1118
122 1118
123 1118
124 1118
125 1118
126 1118
118 1119
119 1119
120 1119
121 1119
122 1119
123 1119
124 1119
125 1119
126 1119
127 1119
119 1120
120 1120
121 1120
122 1120
123 1120
124 1120
125 1120
126 1120
127 1120
128 1120
120 1121
121 1121
122 1121
123 1121
124 1121
125 1121
126 1121
127 1121
128 1121
129 1121
121 1122
122 1122
123 1122
124 1122
125 1122
126 1122
127 1122
128 1122
129 1122
130 1122
122 1123
123 1123
124 1123
125 1123
126 1123
127 1123
128 1123
129 1123
130 1123
131 1123
123 1124
124 1124
125 1124
126 1124
127 1124
128 1124
129 1124
130 1124
131 1124
132 1124
124 1125
125 1125
126 1125
127 1125
128 1125
129 1125
130 1125
131 1125
132 1125
133 1125
125 1126
126 1126
127 1126
128 1126
129 1126
130 1126
131 1126
132 1126
133 1126
134 1126
126 1127
127 1127
128 1127
129 1127
130 1127
131 1127
132 1127
133 1127
134 1127
135 1127
127 1128
128 1128
129 1128
130 1128
131 1128
132 1128
133 1128
134 1128
135 1128
136 1128
128 1129
129 1129
130 1129
131 1129
132 1129
133 1129
134 1129
135 1129
136 1129
137 1129
129 1130
130 1130
131 1130
132 1130
133 1130
134 1130
135 1130
136 1130
137 1130
138 1130
130 1131
131 1131
132 1131
133 1131
134 1131
135 1131
136 1131
137 1131
138 1131
139 1131
131 1132
132 1132
133 1132
134 1132
135 1132
136 1132
137 1132
138 1132
139 1132
140 1132
132 1133
133 1133
134 1133
135 1133
136 1133
137 1133
138 1133
139 1133
140 1133
141 1133
133 1134
134 1134
135 1134
136 1134
137 1134
138 1134
139 1134
140 1134
141 1134
142 1134
134 1135
135 1135
136 1135
137 1135
138 1135
139 1135
140 1135
141 1135
142 1135
143 1135
135 1136
136 1136
137 1136
138 1136
139 1136
140 1136
141 1136
142 1136
143 1136
144 1136
136 1137
137 1137
138 1137
139 1137
140 1137
141 1137
142 1137
143 1137
144 1137
145 1137
137 1138
138 1138
139 1138
140 1138
141 1138
142 1138
143 1138
144 1138
145 1138
146 1138
138 1139
139 1139
140 1139
141 1139
142 1139
143 1139
144 1139
145 1139
146 1139
147 1139
139 1140
140 1140
141 1140
142 1140
143 1140
144 1140
145 1140
146 1140
147 1140
148 1140
140 1141
141 1141
142 1141
143 1141
144 1141
145 1141
146 1141
147 1141
148 1141
149 1141
141 1142
142 1142
143 1142
144 1142
145 1142
146 1142
147 1142
148 1142
149 1142
150 1142
142 1143
143 1143
144 1143
145 1143
146 1143
147 1143
148 1143
149 1143
150 1143
151 1143
143 1144
144 1144
145 1144
146 1144
147 1144
148 1144
149 1144
150 1144
151 1144
152 1144
144 1145
145 1145
146 1145
147 1145
148 1145
149 1145
150 1145
151 1145
152 1145
153 1145
145 1146
146 1146
147 1146
148 1146
149 1146
150 1146
151 1146
152 1146
153 1146
154 1146
146 1147
147 1147
148 1147
149 1147
150 1147
151 1147
152 1147
153 1147
154 1147
155 1147
147 1148
148 1148
149 1148
150 1148
151 1148
152 1148
153 1148
154 1148
155 1148
156 1148
148 1149
149 1149
150 1149
151 1149
152 1149
153 1149
154 1149
155 1149
156 1149
157 1149
149 1150
150 1150
151 1150
152 1150
153 1150
154 1150
155 1150
156 1150
157 1150
158 1150
150 1151
151 1151
152 1151
153 1151
154 1151
155 1151
156 1151
157 1151
158 1151
159 1151
151 1152
152 1152
153 1152
154 1152
155 1152
156 1152
157 1152
158 1152
159 1152
160 1152
152 1153
153 1153
154 1153
155 1153
156 1153
157 1153
158 1153
159 1153
160 1153
161 1153
153 1154
154 1154
155 1154
156 1154
157 1154
158 1154
159 1154
160 1154
161 1154
162 1154
154 1155
155 1155
156 1155
157 1155
158 1155
159 1155
160 1155
161 1155
162 1155
163 1155
155 1156
156 1156
157 1156
158 1156
159 1156
160 1156
161 1156
162 1156
163 1156
164 1156
156 1157
157 1157
158 1157
159 1157
160 1157
161 1157
162 1157
163 1157
164 1157
165 1157
157 1158
158 1158
159 1158
160 1158
161 1158
162 1158
163 1158
164 1158
165 1158
166 1158
158 1159
159 1159
160 1159
161 1159
162 1159
163 1159
164 1159
165 1159
166 1159
167 1159
159 1160
160 1160
161 1160
162 1160
163 1160
164 1160
165 1160
166 1160
167 1160
168 1160
160 1161
161 1161
162 1161
163 1161
164 1161
165 1161
166 1161
167 1161
168 1161
169 1161
161 1162
162 1162
163 1162
164 1162
165 1162
166 1162
167 1162
168 1162
169 1162
170 1162
162 1163
163 1163
164 1163
165 1163
166 1163
167 1163
168 1163
169 1163
170 1163
171 1163
163 1164
164 1164
165 1164
166 1164
167 1164
168 1164
169 1164
170 1164
171 1164
172 1164
164 1165
165 1165
166 1165
167 1165
168 1165
169 1165
170 1165
171 1165
172 1165
173 1165
165 1166
166 1166
167 1166
168 1166
169 1166
170 1166
171 1166
172 1166
173 1166
174 1166
166 1167
167 1167
168 1167
169 1167
170 1167
171 1167
172 1167
173 1167
174 1167
175 1167
167 1168
168 1168
169 1168
170 1168
171 1168
172 1168
173 1168
174 1168
175 1168
176 1168
168 1169
169 1169
170 1169
171 1169
172 1169
173 1169
174 1169
175 1169
176 1169
177 1169
169 1170
170 1170
171 1170
172 1170
173 1170
174 1170
175 1170
176 1170
177 1170
178 1170
170 1171
171 1171
172 1171
173 1171
174 1171
175 1171
176 1171
177 1171
178 1171
179 1171
171 1172
172 1172
173 1172
174 1172
175 1172
176 1172
177 1172
178 1172
179 1172
180 1172
172 1173
173 1173
174 1173
175 1173
176 1173
177 1173
178 1173
179 1173
180 1173
181 1173
173 1174
174 1174
175 1174
176 1174
177 1174
178 1174
179 1174
180 1174
181 1174
182 1174
174 1175
175 1175
176 1175
177 1175
178 1175
179 1175
180 1175
181 1175
182 1175
183 1175
175 1176
176 1176
177 1176
178 1176
179 1176
180 1176
181 1176
182 1176
183 1176
184 1176
176 1177
177 1177
178 1177
179 1177
180 1177
181 1177
182 1177
183 1177
184 1177
185 1177
177 1178
178 1178
179 1178
180 1178
181 1178
182 1178
183 1178
184 1178
185 1178
186 1178
178 1179
179 1179
180 1179
181 1179
182 1179
183 1179
184 1179
185 1179
186 1179
187 1179
179 1180
180 1180
181 1180
182 1180
183 1180
184 1180
185 1180
186 1180
187 1180
188 1180
180 1181
181 1181
182 1181
183 1181
184 1181
185 1181
186 1181
187 1181
188 1181
189 1181
181 1182
182 1182
183 1182
184 1182
185 1182
186 1182
187 1182
188 1182
189 1182
190 1182
182 1183
183 1183
184 1183
185 1183
186 1183
187 1183
188 1183
189 1183
190 1183
191 1183
183 1184
184 1184
185 1184
186 1184
187 1184
188 1184
189 1184
190 1184
191 1184
192 1184
184 1185
185 1185
186 1185
187 1185
188 1185
189 1185
190 1185
191 1185
192 1185
193 1185
185 1186
186 1186
187 1186
188 1186
189 1186
190 1186
191 1186
192 1186
193 1186
194 1186
186 1187
187 1187
188 1187
189 1187
190 1187
191 1187
192 1187
193 1187
194 1187
195 1187
187 1188
188 1188
189 1188
190 1188
191 1188
192 1188
193 1188
194 1188
195 1188
196 1188
188 1189
189 1189
190 1189
191 1189
192 1189
193 1189
194 1189
195 1189
196 1189
197 1189
189 1190
190 1190
191 1190
192 1190
193 1190
194 1190
195 1190
196 1190
197 1190
198 1190
190 1191
191 1191
192 1191
193 1191
194 1191
195 1191
196 1191
197 1191
198 1191
199 1191
191 1192
192 1192
193 1192
194 1192
195 1192
196 1192
197 1192
198 1192
199 1192
200 1192
192 1193
193 1193
194 1193
195 1193
196 1193
197 1193
198 1193
199 1193
200 1193
201 1193
193 1194
194 1194
195 1194
196 1194
197 1194
198 1194
199 1194
200 1194
201 1194
202 1194
194 1195
195 1195
196 1195
197 1195
198 1195
199 1195
200 1195
201 1195
202 1195
203 1195
195 1196
196 1196
197 1196
198 1196
199 1196
200 1196
201 1196
202 1196
203 1196
204 1196
196 1197
197 1197
198 1197
199 1197
200 1197
201 1197
202 1197
203 1197
204 1197
205 1197
197 1198
198 1198
199 1198
200 1198
201 1198
202 1198
203 1198
204 1198
205 1198
206 1198
198 1199
199 1199
200 1199
201 1199
202 1199
203 1199
204 1199
205 1199
206 1199
207 1199
199 1200
200 1200
201 1200
202 1200
203 1200
204 1200
205 1200
206 1200
207 1200
208 1200
200 1201
201 1201
202 1201
203 1201
204 1201
205 1201
206 1201
207 1201
208 1201
209 1201
201 1202
202 1202
203 1202
204 1202
205 1202
206 1202
207 1202
208 1202
209 1202
210 1202
202 1203
203 1203
204 1203
205 1203
206 1203
207 1203
208 1203
209 1203
210 1203
211 1203
203 1204
204 1204
205 1204
206 1204
207 1204
208 1204
209 1204
210 1204
211 1204
212 1204
204 1205
205 1205
206 1205
207 1205
208 1205
209 1205
210 1205
211 1205
212 1205
213 1205
205 1206
206 1206
207 1206
208 1206
209 1206
210 1206
211 1206
212 1206
213 1206
214 1206
206 1207
207 1207
208 1207
209 1207
210 1207
211 1207
212 1207
213 1207
214 1207
215 1207
207 1208
208 1208
209 1208
210 1208
211 1208
212 1208
213 1208
214 1208
215 1208
216 1208
208 1209
209 1209
210 1209
211 1209
212 1209
213 1209
214 1209
215 1209
216 1209
217 1209
209 1210
210 1210
211 1210
212 1210
213 1210
214 1210
215 1210
216 1210
217 1210
218 1210
210 1211
211 1211
212 1211
213 1211
214 1211
215 1211
216 1211
217 1211
218 1211
219 1211
211 1212
212 1212
213 1212
214 1212
215 1212
216 1212
217 1212
218 1212
219 1212
220 1212
212 1213
213 1213
214 1213
215 1213
216 1213
217 1213
218 1213
219 1213
220 1213
221 1213
213 1214
214 1214
215 1214
216 1214
217 1214
218 1214
219 1214
220 1214
221 1214
222 1214
214 1215
215 1215
216 1215
217 1215
218 1215
219 1215
220 1215
221 1215
222 1215
223 1215
215 1216
216 1216
217 1216
218 1216
219 1216
220 1216
221 1216
222 1216
223 1216
224 1216
216 1217
217 1217
218 1217
219 1217
220 1217
221 1217
222 1217
223 1217
224 1217
225 1217
217 1218
218 1218
219 1218
220 1218
221 1218
222 1218
223 1218
224 1218
225 1218
226 1218
218 1219
219 1219
220 1219
221 1219
222 1219
223 1219
224 1219
225 1219
226 1219
227 1219
219 1220
220 1220
221 1220
222 1220
223 1220
224 1220
225 1220
226 1220
227 1220
228 1220
220 1221
221 1221
222 1221
223 1221
224 1221
225 1221
226 1221
227 1221
228 1221
229 1221
221 1222
222 1222
223 1222
224 1222
225 1222
226 1222
227 1222
228 1222
229 1222
230 1222
222 1223
223 1223
224 1223
225 1223
226 1223
227 1223
228 1223
229 1223
230 1223
231 1223
223 1224
224 1224
225 1224
226 1224
227 1224
228 1224
229 1224
230 1224
231 1224
232 1224
224 1225
225 1225
226 1225
227 1225
228 1225
229 1225
230 1225
231 1225
232 1225
233 1225
225 1226
226 1226
227 1226
228 1226
229 1226
230 1226
231 1226
232 1226
233 1226
234 1226
226 1227
227 1227
228 1227
229 1227
230 1227
231 1227
232 1227
233 1227
234 1227
235 1227
227 1228
228 1228
229 1228
230 1228
231 1228
232 1228
233 1228
234 1228
235 1228
236 1228
228 1229
229 1229
230 1229
231 1229
232 1229
233 1229
234 1229
235 1229
236 1229
237 1229
229 1230
230 1230
231 1230
232 1230
233 1230
234 1230
235 1230
236 1230
237 1230
238 1230
230 1231
231 1231
232 1231
233 1231
234 1231
235 1231
236 1231
237 1231
238 1231
239 1231
231 1232
232 1232
233 1232
234 1232
235 1232
236 1232
237 1232
238 1232
239 1232
240 1232
232 1233
233 1233
234 1233
235 1233
236 1233
237 1233
238 1233
239 1233
240 1233
241 1233
233 1234
234 1234
235 1234
236 1234
237 1234
238 1234
239 1234
240 1234
241 1234
242 1234
234 1235
235 1235
236 1235
237 1235
238 1235
239 1235
240 1235
241 1235
242 1235
243 1235
235 1236
236 1236
237 1236
238 1236
239 1236
240 1236
241 1236
242 1236
243 1236
244 1236
236 1237
237 1237
238 1237
239 1237
240 1237
241 1237
242 1237
243 1237
244 1237
245 1237
237 1238
238 1238
239 1238
240 1238
241 1238
242 1238
243 1238
244 1238
245 1238
246 1238
238 1239
239 1239
240 1239
241 1239
242 1239
243 1239
244 1239
245 1239
246 1239
247 1239
239 1240
240 1240
241 1240
242 1240
243 1240
244 1240
245 1240
246 1240
247 1240
248 1240
240 1241
241 1241
242 1241
243 1241
244 1241
245 1241
246 1241
247 1241
248 1241
249 1241
241 1242
242 1242
243 1242
244 1242
245 1242
246 1242
247 1242
248 1242
249 1242
250 1242
242 1243
243 1243
244 1243
245 1243
246 1243
247 1243
248 1243
249 1243
250 1243
251 1243
243 1244
244 1244
245 1244
246 1244
247 1244
248 1244
249 1244
250 1244
251 1244
252 1244
244 1245
245 1245
246 1245
247 1245
248 1245
249 1245
250 1245
251 1245
252 1245
253 1245
245 1246
246 1246
247 1246
248 1246
249 1246
250 1246
251 1246
252 1246
253 1246
254 1246
246 1247
247 1247
248 1247
249 1247
250 1247
251 1247
252 1247
253 1247
254 1247
255 1247
247 1248
248 1248
249 1248
250 1248
251 1248
252 1248
253 1248
254 1248
255 1248
256 1248
248 1249
249 1249
250 1249
251 1249
252 1249
253 1249
254 1249
255 1249
256 1249
257 1249
249 1250
250 1250
251 1250
252 1250
253 1250
254 1250
255 1250
256 1250
257 1250
258 1250
250 1251
251 1251
252 1251
253 1251
254 1251
255 1251
256 1251
257 1251
258 1251
259 1251
251 1252
252 1252
253 1252
254 1252
255 1252
256 1252
257 1252
258 1252
259 1252
260 1252
252 1253
253 1253
254 1253
255 1253
256 1253
257 1253
258 1253
259 1253
260 1253
261 1253
253 1254
254 1254
255 1254
256 1254
257 1254
258 1254
259 1254
260 1254
261 1254
262 1254
254 1255
255 1255
256 1255
257 1255
258 1255
259 1255
260 1255
261 1255
262 1255
263 1255
255 1256
256 1256
257 1256
258 1256
259 1256
260 1256
261 1256
262 1256
263 1256
264 1256
256 1257
257 1257
258 1257
259 1257
260 1257
261 1257
262 1257
263 1257
264 1257
265 1257
257 1258
258 1258
259 1258
260 1258
261 1258
262 1258
263 1258
264 1258
265 1258
266 1258
258 1259
259 1259
260 1259
261 1259
262 1259
263 1259
264 1259
265 1259
266 1259
267 1259
259 1260
260 1260
261 1260
262 1260
263 1260
264 1260
265 1260
266 1260
267 1260
268 1260
260 1261
261 1261
262 1261
263 1261
264 1261
265 1261
266 1261
267 1261
268 1261
269 1261
261 1262
262 1262
263 1262
264 1262
265 1262
266 1262
267 1262
268 1262
269 1262
270 1262
262 1263
263 1263
264 1263
265 1263
266 1263
267 1263
268 1263
269 1263
270 1263
271 1263
263 1264
264 1264
265 1264
266 1264
267 1264
268 1264
269 1264
270 1264
271 1264
272 1264
264 1265
265 1265
266 1265
267 1265
268 1265
269 1265
270 1265
271 1265
272 1265
273 1265
265 1266
266 1266
267 1266
268 1266
269 1266
270 1266
271 1266
272 1266
273 1266
274 1266
266 1267
267 1267
268 1267
269 1267
270 1267
271 1267
272 1267
273 1267
274 1267
275 1267
267 1268
268 1268
269 1268
270 1268
271 1268
272 1268
273 1268
274 1268
275 1268
276 1268
268 1269
269 1269
270 1269
271 1269
272 1269
273 1269
274 1269
275 1269
276 1269
277 1269
269 1270
270 1270
271 1270
272 1270
273 1270
274 1270
275 1270
276 1270
277 1270
278 1270
270 1271
271 1271
272 1271
273 1271
274 1271
275 1271
276 1271
277 1271
278 1271
279 1271
271 1272
272 1272
273 1272
274 1272
275 1272
276 1272
277 1272
278 1272
279 1272
280 1272
272 1273
273 1273
274 1273
275 1273
276 1273
277 1273
278 1273
279 1273
280 1273
281 1273
273 1274
274 1274
275 1274
276 1274
277 1274
278 1274
279 1274
280 1274
281 1274
282 1274
274 1275
275 1275
276 1275
277 1275
278 1275
279 1275
280 1275
281 1275
282 1275
283 1275
275 1276
276 1276
277 1276
278 1276
279 1276
280 1276
281 1276
282 1276
283 1276
284 1276
276 1277
277 1277
278 1277
279 1277
280 1277
281 1277
282 1277
283 1277
284 1277
285 1277
277 1278
278 1278
279 1278
280 1278
281 1278
282 1278
283 1278
284 1278
285 1278
286 1278
278 1279
279 1279
280 1279
281 1279
282 1279
283 1279
284 1279
285 1279
286 1279
287 1279
279 1280
280 1280
281 1280
282 1280
283 1280
284 1280
285 1280
286 1280
287 1280
288 1280
280 1281
281 1281
282 1281
283 1281
284 1281
285 1281
286 1281
287 1281
288 1281
289 1281
281 1282
282 1282
283 1282
284 1282
285 1282
286 1282
287 1282
288 1282
289 1282
290 1282
282 1283
283 1283
284 1283
285 1283
286 1283
287 1283
288 1283
289 1283
290 1283
291 1283
283 1284
284 1284
285 1284
286 1284
287 1284
288 1284
289 1284
290 1284
291 1284
292 1284
284 1285
285 1285
286 1285
287 1285
288 1285
289 1285
290 1285
291 1285
292 1285
293 1285
285 1286
286 1286
287 1286
288 1286
289 1286
290 1286
291 1286
292 1286
293 1286
294 1286
286 1287
287 1287
288 1287
289 1287
290 1287
291 1287
292 1287
293 1287
294 1287
295 1287
287 1288
288 1288
289 1288
290 1288
291 1288
292 1288
293 1288
294 1288
295 1288
296 1288
288 1289
289 1289
290 1289
291 1289
292 1289
293 1289
294 1289
295 1289
296 1289
297 1289
289 1290
290 1290
291 1290
292 1290
293 1290
294 1290
295 1290
296 1290
297 1290
298 1290
290 1291
291 1291
292 1291
293 1291
294 1291
295 1291
296 1291
297 1291
298 1291
299 1291
291 1292
292 1292
293 1292
294 1292
295 1292
296 1292
297 1292
298 1292
299 1292
300 1292
292 1293
293 1293
294 1293
295 1293
296 1293
297 1293
298 1293
299 1293
300 1293
301 1293
293 1294
294 1294
295 1294
296 1294
297 1294
298 1294
299 1294
300 1294
301 1294
302 1294
294 1295
295 1295
296 1295
297 1295
298 1295
299 1295
300 1295
301 1295
302 1295
303 1295
295 1296
296 1296
297 1296
298 1296
299 1296
300 1296
301 1296
302 1296
303 1296
304 1296
296 1297
297 1297
298 1297
299 1297
300 1297
301 1297
302 1297
303 1297
304 1297
305 1297
297 1298
298 1298
299 1298
300 1298
301 1298
302 1298
303 1298
304 1298
305 1298
306 1298
298 1299
299 1299
300 1299
301 1299
302 1299
303 1299
304 1299
305 1299
306 1299
307 1299
299 1300
300 1300
301 1300
302 1300
303 1300
304 1300
305 1300
306 1300
307 1300
308 1300
300 1301
301 1301
302 1301
303 1301
304 1301
305 1301
306 1301
307 1301
308 1301
309 1301
301 1302
302 1302
303 1302
304 1302
305 1302
306 1302
307 1302
308 1302
309 1302
310 1302
302 1303
303 1303
304 1303
305 1303
306 1303
307 1303
308 1303
309 1303
310 1303
311 1303
303 1304
304 1304
305 1304
306 1304
307 1304
308 1304
309 1304
310 1304
311 1304
312 1304
304 1305
305 1305
306 1305
307 1305
308 1305
309 1305
310 1305
311 1305
312 1305
313 1305
305 1306
306 1306
307 1306
308 1306
309 1306
310 1306
311 1306
312 1306
313 1306
314 1306
306 1307
307 1307
308 1307
309 1307
310 1307
311 1307
312 1307
313 1307
314 1307
315 1307
307 1308
308 1308
309 1308
310 1308
311 1308
312 1308
313 1308
314 1308
315 1308
316 1308
308 1309
309 1309
310 1309
311 1309
312 1309
313 1309
314 1309
315 1309
316 1309
317 1309
309 1310
310 1310
311 1310
312 1310
313 1310
314 1310
315 1310
316 1310
317 1310
318 1310
310 1311
311 1311
312 1311
313 1311
314 1311
315 1311
316 1311
317 1311
318 1311
319 1311
311 1312
312 1312
313 1312
314 1312
315 1312
316 1312
317 1312
318 1312
319 1312
320 1312
312 1313
313 1313
314 1313
315 1313
316 1313
317 1313
318 1313
319 1313
320 1313
321 1313
313 1314
314 1314
315 1314
316 1314
317 1314
318 1314
319 1314
320 1314
321 1314
322 1314
314 1315
315 1315
316 1315
317 1315
318 1315
319 1315
320 1315
321 1315
322 1315
323 1315
315 1316
316 1316
317 1316
318 1316
319 1316
320 1316
321 1316
322 1316
323 1316
324 1316
316 1317
317 1317
318 1317
319 1317
320 1317
321 1317
322 1317
323 1317
324 1317
325 1317
317 1318
318 1318
319 1318
320 1318
321 1318
322 1318
323 1318
324 1318
325 1318
326 1318
318 1319
319 1319
320 1319
321 1319
322 1319
323 1319
324 1319
325 1319
326 1319
327 1319
319 1320
320 1320
321 1320
322 1320
323 1320
324 1320
325 1320
326 1320
327 1320
328 1320
320 1321
321 1321
322 1321
323 1321
324 1321
325 1321
326 1321
327 1321
328 1321
329 1321
321 1322
322 1322
323 1322
324 1322
325 1322
326 1322
327 1322
328 1322
329 1322
330 1322
322 1323
323 1323
324 1323
325 1323
326 1323
327 1323
328 1323
329 1323
330 1323
331 1323
323 1324
324 1324
325 1324
326 1324
327 1324
328 1324
329 1324
330 1324
331 1324
332 1324
324 1325
325 1325
326 1325
327 1325
328 1325
329 1325
330 1325
331 1325
332 1325
333 1325
325 1326
326 1326
327 1326
328 1326
329 1326
330 1326
331 1326
332 1326
333 1326
334 1326
326 1327
327 1327
328 1327
329 1327
330 1327
331 1327
332 1327
333 1327
334 1327
335 1327
327 1328
328 1328
329 1328
330 1328
331 1328
332 1328
333 1328
334 1328
335 1328
336 1328
328 1329
329 1329
330 1329
331 1329
332 1329
333 1329
334 1329
335 1329
336 1329
337 1329
329 1330
330 1330
331 1330
332 1330
333 1330
334 1330
335 1330
336 1330
337 1330
338 1330
330 1331
331 1331
332 1331
333 1331
334 1331
335 1331
336 1331
337 1331
338 1331
339 1331
331 1332
332 1332
333 1332
334 1332
335 1332
336 1332
337 1332
338 1332
339 1332
340 1332
332 1333
333 1333
334 1333
335 1333
336 1333
337 1333
338 1333
339 1333
340 1333
341 1333
333 1334
334 1334
335 1334
336 1334
337 1334
338 1334
339 1334
340 1334
341 1334
342 1334
334 1335
335 1335
336 1335
337 1335
338 1335
339 1335
340 1335
341 1335
342 1335
343 1335
335 1336
336 1336
337 1336
338 1336
339 1336
340 1336
341 1336
342 1336
343 1336
344 1336
336 1337
337 1337
338 1337
339 1337
340 1337
341 1337
342 1337
343 1337
344 1337
345 1337
337 1338
338 1338
339 1338
340 1338
341 1338
342 1338
343 1338
344 1338
345 1338
346 1338
338 1339
339 1339
340 1339
341 1339
342 1339
343 1339
344 1339
345 1339
346 1339
347 1339
339 1340
340 1340
341 1340
342 1340
343 1340
344 1340
345 1340
346 1340
347 1340
348 1340
340 1341
341 1341
342 1341
343 1341
344 1341
345 1341
346 1341
347 1341
348 1341
349 1341
341 1342
342 1342
343 1342
344 1342
345 1342
346 1342
347 1342
348 1342
349 1342
350 1342
342 1343
343 1343
344 1343
345 1343
346 1343
347 1343
348 1343
349 1343
350 1343
351 1343
343 1344
344 1344
345 1344
346 1344
347 1344
348 1344
349 1344
350 1344
351 1344
352 1344
344 1345
345 1345
346 1345
347 1345
348 1345
349 1345
350 1345
351 1345
352 1345
353 1345
345 1346
346 1346
347 1346
348 1346
349 1346
350 1346
351 1346
352 1346
353 1346
354 1346
346 1347
347 1347
348 1347
349 1347
350 1347
351 1347
352 1347
353 1347
354 1347
355 1347
347 1348
348 1348
349 1348
350 1348
351 1348
352 1348
353 1348
354 1348
355 1348
356 1348
348 1349
349 1349
350 1349
351 1349
352 1349
353 1349
354 1349
355 1349
356 1349
357 1349
349 1350
350 1350
351 1350
352 1350
353 1350
354 1350
355 1350
356 1350
357 1350
358 1350
350 1351
351 1351
352 1351
353 1351
354 1351
355 1351
356 1351
357 1351
358 1351
359 1351
351 1352
352 1352
353 1352
354 1352
355 1352
356 1352
357 1352
358 1352
359 1352
360 1352
352 1353
353 1353
354 1353
355 1353
356 1353
357 1353
358 1353
359 1353
360 1353
361 1353
353 1354
354 1354
355 1354
356 1354
357 1354
358 1354
359 1354
360 1354
361 1354
362 1354
354 1355
355 1355
356 1355
357 1355
358 1355
359 1355
360 1355
361 1355
362 1355
363 1355
355 1356
356 1356
357 1356
358 1356
359 1356
360 1356
361 1356
362 1356
363 1356
364 1356
356 1357
357 1357
358 1357
359 1357
360 1357
361 1357
362 1357
363 1357
364 1357
365 1357
357 1358
358 1358
359 1358
360 1358
361 1358
362 1358
363 1358
364 1358
365 1358
366 1358
358 1359
359 1359
360 1359
361 1359
362 1359
363 1359
364 1359
365 1359
366 1359
367 1359
359 1360
360 1360
361 1360
362 1360
363 1360
364 1360
365 1360
366 1360
367 1360
368 1360
360 1361
361 1361
362 1361
363 1361
364 1361
365 1361
366 1361
367 1361
368 1361
369 1361
361 1362
362 1362
363 1362
364 1362
365 1362
366 1362
367 1362
368 1362
369 1362
370 1362
362 1363
363 1363
364 1363
365 1363
366 1363
367 1363
368 1363
369 1363
370 1363
371 1363
363 1364
364 1364
365 1364
366 1364
367 1364
368 1364
369 1364
370 1364
371 1364
372 1364
364 1365
365 1365
366 1365
367 1365
368 1365
369 1365
370 1365
371 1365
372 1365
373 1365
365 1366
366 1366
367 1366
368 1366
369 1366
370 1366
371 1366
372 1366
373 1366
374 1366
366 1367
367 1367
368 1367
369 1367
370 1367
371 1367
372 1367
373 1367
374 1367
375 1367
367 1368
368 1368
369 1368
370 1368
371 1368
372 1368
373 1368
374 1368
375 1368
376 1368
368 1369
369 1369
370 1369
371 1369
372 1369
373 1369
374 1369
375 1369
376 1369
377 1369
369 1370
370 1370
371 1370
372 1370
373 1370
374 1370
375 1370
376 1370
377 1370
378 1370
370 1371
371 1371
372 1371
373 1371
374 1371
375 1371
376 1371
377 1371
378 1371
379 1371
371 1372
372 1372
373 1372
374 1372
375 1372
376 1372
377 1372
378 1372
379 1372
380 1372
372 1373
373 1373
374 1373
375 1373
376 1373
377 1373
378 1373
379 1373
380 1373
381 1373
373 1374
374 1374
375 1374
376 1374
377 1374
378 1374
379 1374
380 1374
381 1374
382 1374
374 1375
375 1375
376 1375
377 1375
378 1375
379 1375
380 1375
381 1375
382 1375
383 1375
375 1376
376 1376
377 1376
378 1376
379 1376
380 1376
381 1376
382 1376
383 1376
384 1376
376 1377
377 1377
378 1377
379 1377
380 1377
381 1377
382 1377
383 1377
384 1377
385 1377
377 1378
378 1378
379 1378
380 1378
381 1378
382 1378
383 1378
384 1378
385 1378
386 1378
378 1379
379 1379
380 1379
381 1379
382 1379
383 1379
384 1379
385 1379
386 1379
387 1379
379 1380
380 1380
381 1380
382 1380
383 1380
384 1380
385 1380
386 1380
387 1380
388 1380
380 1381
381 1381
382 1381
383 1381
384 1381
385 1381
386 1381
387 1381
388 1381
389 1381
381 1382
382 1382
383 1382
384 1382
385 1382
386 1382
387 1382
388 1382
389 1382
390 1382
382 1383
383 1383
384 1383
385 1383
386 1383
387 1383
388 1383
389 1383
390 1383
391 1383
383 1384
384 1384
385 1384
386 1384
387 1384
388 1384
389 1384
390 1384
391 1384
392 1384
384 1385
385 1385
386 1385
387 1385
388 1385
389 1385
390 1385
391 1385
392 1385
393 1385
385 1386
386 1386
387 1386
388 1386
389 1386
390 1386
391 1386
392 1386
393 1386
394 1386
386 1387
387 1387
388 1387
389 1387
390 1387
391 1387
392 1387
393 1387
394 1387
395 1387
387 1388
388 1388
389 1388
390 1388
391 1388
392 1388
393 1388
394 1388
395 1388
396 1388
388 1389
389 1389
390 1389
391 1389
392 1389
393 1389
394 1389
395 1389
396 1389
397 1389
389 1390
390 1390
391 1390
392 1390
393 1390
394 1390
395 1390
396 1390
397 1390
398 1390
390 1391
391 1391
392 1391
393 1391
394 1391
395 1391
396 1391
397 1391
398 1391
399 1391
391 1392
392 1392
393 1392
394 1392
395 1392
396 1392
397 1392
398 1392
399 1392
400 1392
392 1393
393 1393
394 1393
395 1393
396 1393
397 1393
398 1393
399 1393
400 1393
401 1393
393 1394
394 1394
395 1394
396 1394
397 1394
398 1394
399 1394
400 1394
401 1394
402 1394
394 1395
395 1395
396 1395
397 1395
398 1395
399 1395
400 1395
401 1395
402 1395
403 1395
395 1396
396 1396
397 1396
398 1396
399 1396
400 1396
401 1396
402 1396
403 1396
404 1396
396 1397
397 1397
398 1397
399 1397
400 1397
401 1397
402 1397
403 1397
404 1397
405 1397
397 1398
398 1398
399 1398
400 1398
401 1398
402 1398
403 1398
404 1398
405 1398
406 1398
398 1399
399 1399
400 1399
401 1399
402 1399
403 1399
404 1399
405 1399
406 1399
407 1399
399 1400
400 1400
401 1400
402 1400
403 1400
404 1400
405 1400
406 1400
407 1400
408 1400
400 1401
401 1401
402 1401
403 1401
404 1401
405 1401
406 1401
407 1401
408 1401
409 1401
401 1402
402 1402
403 1402
404 1402
405 1402
406 1402
407 1402
408 1402
409 1402
410 1402
402 1403
403 1403
404 1403
405 1403
406 1403
407 1403
408 1403
409 1403
410 1403
411 1403
403 1404
404 1404
405 1404
406 1404
407 1404
408 1404
409 1404
410 1404
411 1404
412 1404
404 1405
405 1405
406 1405
407 1405
408 1405
409 1405
410 1405
411 1405
412 1405
413 1405
405 1406
406 1406
407 1406
408 1406
409 1406
410 1406
411 1406
412 1406
413 1406
414 1406
406 1407
407 1407
408 1407
409 1407
410 1407
411 1407
412 1407
413 1407
414 1407
415 1407
407 1408
408 1408
409 1408
410 1408
411 1408
412 1408
413 1408
414 1408
415 1408
416 1408
408 1409
409 1409
410 1409
411 1409
412 1409
413 1409
414 1409
415 1409
416 1409
417 1409
409 1410
410 1410
411 1410
412 1410
413 1410
414 1410
415 1410
416 1410
417 1410
418 1410
410 1411
411 1411
412 1411
413 1411
414 1411
415 1411
416 1411
417 1411
418 1411
419 1411
411 1412
412 1412
413 1412
414 1412
415 1412
416 1412
417 1412
418 1412
419 1412
420 1412
412 1413
413 1413
414 1413
415 1413
416 1413
417 1413
418 1413
419 1413
420 1413
421 1413
413 1414
414 1414
415 1414
416 1414
417 1414
418 1414
419 1414
420 1414
421 1414
422 1414
414 1415
415 1415
416 1415
417 1415
418 1415
419 1415
420 1415
421 1415
422 1415
423 1415
415 1416
416 1416
417 1416
418 1416
419 1416
420 1416
421 1416
422 1416
423 1416
424 1416
416 1417
417 1417
418 1417
419 1417
420 1417
421 1417
422 1417
423 1417
424 1417
425 1417
417 1418
418 1418
419 1418
420 1418
421 1418
422 1418
423 1418
424 1418
425 1418
426 1418
418 1419
419 1419
420 1419
421 1419
422 1419
423 1419
424 1419
425 1419
426 1419
427 1419
419 1420
420 1420
421 1420
422 1420
423 1420
424 1420
425 1420
426 1420
427 1420
428 1420
420 1421
421 1421
422 1421
423 1421
424 1421
425 1421
426 1421
427 1421
428 1421
429 1421
421 1422
422 1422
423 1422
424 1422
425 1422
426 1422
427 1422
428 1422
429 1422
430 1422
422 1423
423 1423
424 1423
425 1423
426 1423
427 1423
428 1423
429 1423
430 1423
431 1423
423 1424
424 1424
425 1424
426 1424
427 1424
428 1424
429 1424
430 1424
431 1424
432 1424
424 1425
425 1425
426 1425
427 1425
428 1425
429 1425
430 1425
431 1425
432 1425
433 1425
425 1426
426 1426
427 1426
428 1426
429 1426
430 1426
431 1426
432 1426
433 1426
434 1426
426 1427
427 1427
428 1427
429 1427
430 1427
431 1427
432 1427
433 1427
434 1427
435 1427
427 1428
428 1428
429 1428
430 1428
431 1428
432 1428
433 1428
434 1428
435 1428
436 1428
428 1429
429 1429
430 1429
431 1429
432 1429
433 1429
434 1429
435 1429
436 1429
437 1429
429 1430
430 1430
431 1430
432 1430
433 1430
434 1430
435 1430
436 1430
437 1430
438 1430
430 1431
431 1431
432 1431
433 1431
434 1431
435 1431
436 1431
437 1431
438 1431
439 1431
431 1432
432 1432
433 1432
434 1432
435 1432
436 1432
437 1432
438 1432
439 1432
440 1432
432 1433
433 1433
434 1433
435 1433
436 1433
437 1433
438 1433
439 1433
440 1433
441 1433
433 1434
434 1434
435 1434
436 1434
437 1434
438 1434
439 1434
440 1434
441 1434
442 1434
434 1435
435 1435
436 1435
437 1435
438 1435
439 1435
440 1435
441 1435
442 1435
443 1435
435 1436
436 1436
437 1436
438 1436
439 1436
440 1436
441 1436
442 1436
443 1436
444 1436
436 1437
437 1437
438 1437
439 1437
440 1437
441 1437
442 1437
443 1437
444 1437
445 1437
437 1438
438 1438
439 1438
440 1438
441 1438
442 1438
443 1438
444 1438
445 1438
446 1438
438 1439
439 1439
440 1439
441 1439
442 1439
443 1439
444 1439
445 1439
446 1439
447 1439
439 1440
440 1440
441 1440
442 1440
443 1440
444 1440
445 1440
446 1440
447 1440
448 1440
440 1441
441 1441
442 1441
443 1441
444 1441
445 1441
446 1441
447 1441
448 1441
449 1441
441 1442
442 1442
443 1442
444 1442
445 1442
446 1442
447 1442
448 1442
449 1442
450 1442
442 1443
443 1443
444 1443
445 1443
446 1443
447 1443
448 1443
449 1443
450 1443
451 1443
443 1444
444 1444
445 1444
446 1444
447 1444
448 1444
449 1444
450 1444
451 1444
452 1444
444 1445
445 1445
446 1445
447 1445
448 1445
449 1445
450 1445
451 1445
452 1445
453 1445
445 1446
446 1446
447 1446
448 1446
449 1446
450 1446
451 1446
452 1446
453 1446
454 1446
446 1447
447 1447
448 1447
449 1447
450 1447
451 1447
452 1447
453 1447
454 1447
455 1447
447 1448
448 1448
449 1448
450 1448
451 1448
452 1448
453 1448
454 1448
455 1448
456 1448
448 1449
449 1449
450 1449
451 1449
452 1449
453 1449
454 1449
455 1449
456 1449
457 1449
449 1450
450 1450
451 1450
452 1450
453 1450
454 1450
455 1450
456 1450
457 1450
458 1450
450 1451
451 1451
452 1451
453 1451
454 1451
455 1451
456 1451
457 1451
458 1451
459 1451
451 1452
452 1452
453 1452
454 1452
455 1452
456 1452
457 1452
458 1452
459 1452
460 1452
452 1453
453 1453
454 1453
455 1453
456 1453
457 1453
458 1453
459 1453
460 1453
461 1453
453 1454
454 1454
455 1454
456 1454
457 1454
458 1454
459 1454
460 1454
461 1454
462 1454
454 1455
455 1455
456 1455
457 1455
458 1455
459 1455
460 1455
461 1455
462 1455
463 1455
455 1456
456 1456
457 1456
458 1456
459 1456
460 1456
461 1456
462 1456
463 1456
464 1456
456 1457
457 1457
458 1457
459 1457
460 1457
461 1457
462 1457
463 1457
464 1457
465 1457
457 1458
458 1458
459 1458
460 1458
461 1458
462 1458
463 1458
464 1458
465 1458
466 1458
458 1459
459 1459
460 1459
461 1459
462 1459
463 1459
464 1459
465 1459
466 1459
467 1459
459 1460
460 1460
461 1460
462 1460
463 1460
464 1460
465 1460
466 1460
467 1460
468 1460
460 1461
461 1461
462 1461
463 1461
464 1461
465 1461
466 1461
467 1461
468 1461
469 1461
461 1462
462 1462
463 1462
464 1462
465 1462
466 1462
467 1462
468 1462
469 1462
470 1462
462 1463
463 1463
464 1463
465 1463
466 1463
467 1463
468 1463
469 1463
470 1463
471 1463
463 1464
464 1464
465 1464
466 1464
467 1464
468 1464
469 1464
470 1464
471 1464
472 1464
464 1465
465 1465
466 1465
467 1465
468 1465
469 1465
470 1465
471 1465
472 1465
473 1465
465 1466
466 1466
467 1466
468 1466
469 1466
470 1466
471 1466
472 1466
473 1466
474 1466
466 1467
467 1467
468 1467
469 1467
470 1467
471 1467
472 1467
473 1467
474 1467
475 1467
467 1468
468 1468
469 1468
470 1468
471 1468
472 1468
473 1468
474 1468
475 1468
476 1468
468 1469
469 1469
470 1469
471 1469
472 1469
473 1469
474 1469
475 1469
476 1469
477 1469
469 1470
470 1470
471 1470
472 1470
473 1470
474 1470
475 1470
476 1470
477 1470
478 1470
470 1471
471 1471
472 1471
473 1471
474 1471
475 1471
476 1471
477 1471
478 1471
479 1471
471 1472
472 1472
473 1472
474 1472
475 1472
476 1472
477 1472
478 1472
479 1472
480 1472
472 1473
473 1473
474 1473
475 1473
476 1473
477 1473
478 1473
479 1473
480 1473
481 1473
473 1474
474 1474
475 1474
476 1474
477 1474
478 1474
479 1474
480 1474
481 1474
482 1474
474 1475
475 1475
476 1475
477 1475
478 1475
479 1475
480 1475
481 1475
482 1475
483 1475
475 1476
476 1476
477 1476
478 1476
479 1476
480 1476
481 1476
482 1476
483 1476
484 1476
476 1477
477 1477
478 1477
479 1477
480 1477
481 1477
482 1477
483 1477
484 1477
485 1477
477 1478
478 1478
479 1478
480 1478
481 1478
482 1478
483 1478
484 1478
485 1478
486 1478
478 1479
479 1479
480 1479
481 1479
482 1479
483 1479
484 1479
485 1479
486 1479
487 1479
479 1480
480 1480
481 1480
482 1480
483 1480
484 1480
485 1480
486 1480
487 1480
488 1480
480 1481
481 1481
482 1481
483 1481
484 1481
485 1481
486 1481
487 1481
488 1481
489 1481
481 1482
482 1482
483 1482
484 1482
485 1482
486 1482
487 1482
488 1482
489 1482
490 1482
482 1483
483 1483
484 1483
485 1483
486 1483
487 1483
488 1483
489 1483
490 1483
491 1483
483 1484
484 1484
485 1484
486 1484
487 1484
488 1484
489 1484
490 1484
491 1484
492 1484
484 1485
485 1485
486 1485
487 1485
488 1485
489 1485
490 1485
491 1485
492 1485
493 1485
485 1486
486 1486
487 1486
488 1486
489 1486
490 1486
491 1486
492 1486
493 1486
494 1486
486 1487
487 1487
488 1487
489 1487
490 1487
491 1487
492 1487
493 1487
494 1487
495 1487
487 1488
488 1488
489 1488
490 1488
491 1488
492 1488
493 1488
494 1488
495 1488
496 1488
488 1489
489 1489
490 1489
491 1489
492 1489
493 1489
494 1489
495 1489
496 1489
497 1489
489 1490
490 1490
491 1490
492 1490
493 1490
494 1490
495 1490
496 1490
497 1490
498 1490
490 1491
491 1491
492 1491
493 1491
494 1491
495 1491
496 1491
497 1491
498 1491
499 1491
491 1492
492 1492
493 1492
494 1492
495 1492
496 1492
497 1492
498 1492
499 1492
500 1492
492 1493
493 1493
494 1493
495 1493
496 1493
497 1493
498 1493
499 1493
500 1493
501 1493
493 1494
494 1494
495 1494
496 1494
497 1494
498 1494
499 1494
500 1494
501 1494
502 1494
494 1495
495 1495
496 1495
497 1495
498 1495
499 1495
500 1495
501 1495
502 1495
503 1495
495 1496
496 1496
497 1496
498 1496
499 1496
500 1496
501 1496
502 1496
503 1496
504 1496
496 1497
497 1497
498 1497
499 1497
500 1497
501 1497
502 1497
503 1497
504 1497
505 1497
497 1498
498 1498
499 1498
500 1498
501 1498
502 1498
503 1498
504 1498
505 1498
506 1498
498 1499
499 1499
500 1499
501 1499
502 1499
503 1499
504 1499
505 1499
506 1499
507 1499
499 1500
500 1500
501 1500
502 1500
503 1500
504 1500
505 1500
506 1500
507 1500
508 1500
500 1501
501 1501
502 1501
503 1501
504 1501
505 1501
506 1501
507 1501
508 1501
509 1501
